#--- LENSTOOL PARS ---------------------- 22
REFERENCE: 181.55062 -8.8009361
MULTFILE: images_cat.dat
XMIN: -50.0
XMAX: 50.0
YMIN: -50.0
YMAX: 50.0
Z: 0.439
N_GAL: -1

#--- COSMOLOGICAL PARS -------------------

H0: 0.0, 0.0, 70.0
OMEGA0: 0.0, 0.0, 0.3
LAMBDA: 0.0, 0.0, 0.7
OMEGAK: 0.0, 0.0, 0.0
WX: 0.0, 0.0, -1.0
WA: 0.0, 0.0, 0.0

#--- SCALING RELATIONS -------------------

M/L_SLOPE: 0.2

REF_RCORE: 0.01

VD_SLOPE_SC: 0.28, 0.07
VD_Q_SC: 290., 100., 17.1851
VD_SCATTER_SC: 30., 30.

CUT_Q_SC: 6.0, 5.0

# 0->fixed, 1->emcee
# ---------------- HALOS ------------------

  ID   PF    RA_t       RA_m  RA_s    DEC_t       DEC_m  DEC_s    E_t   E_m   E_s    A_t  A_m A_s    VD_t    VD_m   VD_s     Rc_t   Rc_m  Rc_s    RC_t    RC_m   RC_s    
  1    81       1  181.55062   3.0        1  -8.8009361    3.0      1  0.45  0.45      1   20  15       1  1000.0  300.0        1    4.0   3.0       0  2000.0   10.0  



#---------------- VD_GALAXIES -----------------

ID   RA          DEC        PF VD     VD_err R   MAG
2925 181.55061975850134 -8.800939521208415 81 292.91 10.65 0.8 17.1851
2541 181.56525605555564 -8.80608050175745 81 261.19 9.73 0.8 17.7219
5450 181.55535249494886 -8.793522701822983 81 202.01 7.6 0.8 17.9821
8827 181.53951970404896 -8.791746549213865 81 233.78 8.91 0.8 18.2122
3335 181.5717424367765 -8.806418893446077 81 189.74 7.32 0.8 18.3696
3933 181.54562628793138 -8.799687725756488 81 222.83 8.67 0.8 18.4529
4075 181.56706948151393 -8.801742885403577 81 230.14 9.0 0.8 18.4931
3623 181.55612895951705 -8.804539750478385 81 175.05 6.94 0.8 18.612
4428 181.54880123576615 -8.79852918661279 81 153.59 6.4 0.8 18.9081
4250 181.56269983779865 -8.798825442723246 81 203.02 8.61 0.8 18.9875
9390 181.565417140622 -8.795545974536964 81 174.35 7.47 0.8 19.0298
3578 181.55708922725938 -8.806016889017801 81 227.94 9.81 0.8 19.0501
3189 181.5473645789759 -8.80612595309753 81 154.65 7.11 0.8 19.298
9076 181.5521534957674 -8.793534622124993 81 183.43 8.49 0.8 19.318
4169 181.54517151202128 -8.801790635512724 81 195.43 9.25 0.8 19.3911
4225 181.56784019978258 -8.80082561586836 81 215.07 10.3 0.8 19.4278
4289 181.53594306569073 -8.798538711495432 81 174.85 8.46 0.8 19.4593
4700 181.54800971331326 -8.79860277530147 81 162.82 8.16 0.8 19.5572
3616 181.5614867732196 -8.804092608057822 81 148.98 7.87 0.8 19.6981
4570 181.55140062750715 -8.799729368639525 81 142.95 7.76 0.8 19.7653
5278 181.55736207695017 -8.796162506776835 81 133.6 7.29 0.8 19.7798
4604 181.5445745138524 -8.799273063966451 81 157.16 8.73 0.8 19.8226
4934 181.55117796479527 -8.798842938122707 81 107.49 6.08 0.8 19.8663
9152 181.55309837228222 -8.794854732482566 81 133.2 7.59 0.8 19.8835
4421 181.55292707321493 -8.801336784214069 81 127.61 7.45 0.8 19.9383
3883 181.5512157407002 -8.804515398321854 81 157.26 9.5 0.8 20.0138
4444 181.56078917741618 -8.800868453725322 81 142.84 8.64 0.8 20.0175
3731 181.54807560016556 -8.80538235317394 81 153.68 9.39 0.8 20.0387
3847 181.55757432405954 -8.80374332729536 81 143.24 8.89 0.8 20.0741
4765 181.5460783312127 -8.79903298056039 81 147.95 9.24 0.8 20.0868
5265 181.5340491629728 -8.796880500424228 81 145.84 9.24 0.8 20.1188
5473 181.54493811522136 -8.798144023831906 81 88.22 5.63 0.8 20.1318
4084 181.54478583892651 -8.802597743823627 81 161.62 10.58 0.8 20.1865
4982 181.55887611681408 -8.798212720350595 81 92.99 6.16 0.8 20.2119
4114 181.53770669326525 -8.803580193434968 81 136.36 9.2 0.8 20.249
5010 181.54326477996653 -8.79872617610933 81 123.1 8.43 0.8 20.2791
3909 181.55325523866748 -8.803819338558394 81 114.39 7.85 0.8 20.2833
4113 181.56554639823116 -8.80340070105004 81 136.12 9.82 0.8 20.3843
4477 181.5532764503162 -8.80156228958166 81 131.23 9.64 0.8 20.4209
4059 181.53583268881968 -8.80344543949918 81 127.15 9.37 0.8 20.4268
3589 181.57099534120204 -8.806910351455292 81 139.12 10.27 0.8 20.4295
9698 181.54891153638232 -8.796900632886146 81 123.34 9.3 0.8 20.4724
4155 181.5543320149094 -8.802489050259737 81 117.68 8.98 0.8 20.4951
9668 181.55829343659548 -8.7983573216507 81 114.22 8.81 0.8 20.517
3565 181.54133555323625 -8.807618167374317 81 125.23 9.99 0.8 20.581
9323 181.5687691891283 -8.795813734975109 81 123.49 10.4 0.8 20.685
9539 181.55648831816288 -8.796504723765981 81 122.11 10.43 0.8 20.7107
3788 181.55525766232793 -8.806102411362927 81 130.69 11.18 0.8 20.7148
4784 181.54237605303746 -8.799096490491292 81 105.29 9.4 0.8 20.7933
5212 181.5561518742191 -8.7964192668891 81 105.59 9.53 0.8 20.8142
4637 181.5449113218416 -8.800645509549563 81 116.53 10.64 0.8 20.8365
3542 181.55888666610383 -8.807560500059909 81 108.68 10.07 0.8 20.8633
9243 181.54975269695706 -8.793913035953361 81 137.95 12.86 0.8 20.8755
4539 181.55514645359855 -8.800809739179387 81 105.68 9.88 0.8 20.8794
3536 181.5685640372277 -8.807163264786059 81 114.21 10.98 0.8 20.9325
4284 181.557396106686 -8.802336381659728 81 73.43 7.1 0.8 20.9428
3553 181.56852767763374 -8.808086175347825 81 118.56 14.65 0.8 21.3928
4320 181.5587743916176 -8.802691805030467 81 115.35 15.16 0.8 21.5064

#---------------- GALAXIES --------------------

ID   RA          DEC        PF MAG
6200 181.54879845286996 -8.787426435469511 81 18.0147
3099 181.53084333272352 -8.807664700015179 81 18.3047
2575 181.53601996704003 -8.80748338684429 81 18.3097
3168 181.52833571683965 -8.805580403987156 81 18.3318
8439 181.5404758664467 -8.788435548739654 81 18.4801
7909 181.55830243712848 -8.786431121604087 81 18.597
4229 181.5548595597107 -8.795812586843267 81 18.661
7914 181.55789115580646 -8.784884028233964 81 18.7763
3309 181.5337096987154 -8.806613719410805 81 18.8459
7331 181.55303405784065 -8.780059805818386 81 19.0811
2953 181.5618702621252 -8.804331982692034 81 19.2227
5635 181.53483405902372 -8.789863853283885 81 19.2228
3036 181.57273241083567 -8.80905759262457 81 19.2247
6990 181.55289604363958 -8.777967893559016 81 19.3071
5671 181.5321854231912 -8.78928857533661 81 19.4224
2241 181.55313504562778 -8.814631203196106 81 19.5466
5809 181.5456583870512 -8.786688563000038 81 19.6435
2411 181.5526079159482 -8.81448670895368 81 19.6752
8711 181.5436619185727 -8.79053299776073 81 19.7858
8685 181.55942539098507 -8.79060362092088 81 19.7871
2051 181.54768550921253 -8.815612891018807 81 19.8991
2149 181.54427466410644 -8.815671330396269 81 19.9847
1601 181.54698095609774 -8.820515818199457 81 20.0165
3639 181.52761157884763 -8.805680448183471 81 20.0683
4669 181.531603142914 -8.799419193980256 81 20.2436
7160 181.55453647588666 -8.778848427690006 81 20.307
2510 181.56933993430843 -8.811716959461583 81 20.3891
2242 181.55353505731478 -8.816322844807418 81 20.4631
3910 181.56666053110635 -8.8047856056347 81 20.641
4042 181.5288855797436 -8.803714027998412 81 20.6695
9013 181.53646610133376 -8.792657388678219 81 20.6773
4606 181.55380716074274 -8.800059539481447 81 20.8175
2753 181.55679929905543 -8.810612193348607 81 20.8328
2909 181.54931547709157 -8.81038460939562 81 20.8482
2142 181.53954753647125 -8.816784023322537 81 20.8643
4137 181.56709511143862 -8.803195589568176 81 20.9398
4193 181.54103337217853 -8.80232463135501 81 20.9401
5397 181.55775016822523 -8.793498220886653 81 20.9672
4364 181.52691869553993 -8.80181060087493 81 20.9951
9362 181.54632753615704 -8.795566803434705 81 21.0896
3153 181.55346620317718 -8.809820743445744 81 21.1612
2600 181.5664056655927 -8.813977782954588 81 21.2228
2128 181.53692619183627 -8.817589975137151 81 21.2527
3123 181.5625932244785 -8.8104972351057 81 21.2726
2252 181.5416051483361 -8.816232599671253 81 21.2828
4466 181.54557466790712 -8.800888337177266 81 21.3191
1069 181.5422870623575 -8.820965870275588 81 21.3293
3017 181.54770738586694 -8.810972957567808 81 21.3654
8638 181.53806719905728 -8.78976363185308 81 21.444
3135 181.56268384990068 -8.81032471103344 81 21.4444
4978 181.55628369091352 -8.797783472491254 81 21.4505
4302 181.55406977224243 -8.80149061305498 81 21.4706
9327 181.56397843105742 -8.795352156153829 81 21.4807
6703 181.56070939934608 -8.782839115983705 81 21.4903
9126 181.55237316683298 -8.794385373658317 81 21.5088
4948 181.5698953909827 -8.797326285222168 81 21.5749
2897 181.5381099841055 -8.811809743477196 81 21.576
9787 181.56601000633296 -8.797560912385608 81 21.5874
8877 181.53127810505478 -8.791555599950579 81 21.6052
9317 181.55957974091237 -8.794159230821963 81 21.6112
9256 181.5467919291039 -8.795035289690505 81 21.6312
4196 181.56222667688107 -8.80260113006676 81 21.6319
3164 181.54920401685564 -8.81029622635187 81 21.6345
9633 181.56835749014235 -8.798285468936102 81 21.6463
3628 181.55290621050506 -8.807418372228616 81 21.6726
3450 181.56994190498804 -8.808517276730338 81 21.6916
2910 181.5605178217583 -8.81107095859861 81 21.7161
3864 181.5376868753417 -8.805375470214939 81 21.7163
1594 181.54894260519603 -8.821282812370482 81 21.7202
5501 181.5412322925435 -8.792217459547224 81 21.725
9206 181.5375817402913 -8.793660895394167 81 21.7819
3106 181.56589227427511 -8.810718862632442 81 21.8269
2708 181.56046514136287 -8.812895616497226 81 21.9655
2462 181.55598870737444 -8.81414982070258 81 21.9691
5202 181.5579587147945 -8.79895154268015 81 21.978
2454 181.5349227454377 -8.814641295770038 81 21.9937
4308 181.55253306568656 -8.802262244613546 81 22.0675
9114 181.5426128693222 -8.793025949797514 81 22.0846
4045 181.53799296176135 -8.804569912619899 81 22.0903
5194 181.55613088324208 -8.797634490776794 81 22.1207
8606 181.54810825243294 -8.79121578188951 81 22.1251
4259 181.54773854376108 -8.80270277796992 81 22.1322
3344 181.54330604849065 -8.80939687232816 81 22.1673
3740 181.5550087609554 -8.806582550702348 81 22.1874
4916 181.5313239174295 -8.798236648826375 81 22.2016
3952 181.5539844991521 -8.805305147368491 81 22.2062
2193 181.56014284398964 -8.814946481774262 81 22.2282
9353 181.5477888433122 -8.794434857086822 81 22.2526
9039 181.54975750485806 -8.792508970253145 81 22.2551
6351 181.53891563832767 -8.789388649814653 81 22.2613
4397 181.5581450465478 -8.801902113263676 81 22.312
1919 181.54804943130492 -8.819176208769647 81 22.3352
2280 181.5516279540134 -8.816503867281465 81 22.3978
9028 181.55138574427428 -8.792408708357152 81 22.4194
9157 181.5531262771629 -8.793013490197117 81 22.4333
3980 181.53845610730264 -8.8040344438533 81 22.4345
9170 181.55935851409834 -8.793598305139703 81 22.4528
4188 181.54620496608834 -8.803492092471116 81 22.4578
2590 181.54381026694355 -8.814155929190015 81 22.4727
3050 181.56889942813945 -8.811104801400756 81 22.4751
4353 181.53724830650617 -8.80234228953979 81 22.4856
4611 181.55298330662072 -8.80078590766487 81 22.5069
2825 181.55537946477193 -8.81259731380562 81 22.5206
4372 181.568627976423 -8.801885597193854 81 22.5457
2522 181.5567157071144 -8.814599173273804 81 22.5735
4656 181.57101461041046 -8.800551417533379 81 22.583
2944 181.56816231894288 -8.810974927460109 81 22.5835
8792 181.5478157151869 -8.790656473845685 81 22.589
9494 181.54494804504927 -8.795481773497265 81 22.6065
4044 181.54571604800984 -8.804460329352874 81 22.6116
1433 181.53828589140906 -8.822657257793027 81 22.6242
4408 181.53133885383895 -8.801945752740203 81 22.657
4251 181.56881381054544 -8.803142684828247 81 22.6574
9104 181.55113443977606 -8.793232496350155 81 22.6718
4494 181.54858855726286 -8.801495928763522 81 22.6723
5022 181.54387761092048 -8.79830719393678 81 22.6942
4702 181.5540356848314 -8.800349568868146 81 22.7045
3574 181.5425326441094 -8.807955024577735 81 22.7513
4937 181.54990886202467 -8.799846576041089 81 22.7538
5099 181.55884436051534 -8.799017468283367 81 22.7714
5323 181.5560440578379 -8.79868690084889 81 22.7734
2968 181.54494530337763 -8.811690182228338 81 22.7814
4380 181.56427581805966 -8.802208297699321 81 22.7835
8838 181.5514437333178 -8.790919141961394 81 22.8161
5208 181.54393527053682 -8.796913396496178 81 22.841
3089 181.53839295631553 -8.81081353532248 81 22.8493
3077 181.53316412022 -8.810936197798862 81 22.8598
8997 181.5503699182698 -8.792016687721235 81 22.8692
4031 181.53714957171874 -8.804677175220197 81 22.9039
1980 181.53698572186678 -8.81871441130104 81 22.9322
8777 181.557764697148 -8.79045116158994 81 22.9672
3833 181.53510551911666 -8.80618975930479 81 22.975
9486 181.55588148999433 -8.797023339444854 81 22.9941
8771 181.5582499792455 -8.789837025831869 81 23.0126
2412 181.53597267583163 -8.81495817959879 81 23.0192
2937 181.53790289320813 -8.811900893400523 81 23.0221
1560 181.55175344953693 -8.822075271812807 81 23.0292
3451 181.56178683108752 -8.808698345916692 81 23.0624
4567 181.5588965610162 -8.801037258742582 81 23.0696
7711 181.54806967543502 -8.78265103131962 81 23.071
4481 181.5427618540573 -8.801522447347212 81 23.0949
3739 181.53421017645965 -8.806854559895852 81 23.1014
3280 181.53225743880856 -8.809551348879303 81 23.1258
3745 181.53522795245433 -8.806745995718938 81 23.1463
3996 181.56206797234046 -8.804914642761887 81 23.1523
3698 181.56072726263025 -8.80708185473611 81 23.1686
8476 181.53537565670092 -8.789767351100686 81 23.2245
4979 181.54680881402243 -8.799082525409089 81 23.2385
5448 181.53896368934377 -8.791482350302132 81 23.2406
4769 181.54137940427103 -8.799962936419133 81 23.3001
3920 181.56569512904943 -8.805503223322495 81 23.3215
8084 181.54992898992126 -8.785415601792062 81 23.326
9493 181.5456034538301 -8.795245854641088 81 23.3263
4741 181.54244138793328 -8.800117873102216 81 23.3396
4074 181.52789445081874 -8.804404097637267 81 23.341
4463 181.53375194458297 -8.801647601761672 81 23.3428
5077 181.56510813650718 -8.79822219296341 81 23.354
4161 181.5468691702034 -8.803862808325356 81 23.365
4984 181.54243723932362 -8.798373925834923 81 23.39
3895 181.5618413948059 -8.805656820943101 81 23.4021
3202 181.53288246040552 -8.810109056287631 81 23.4047
8101 181.5618952621409 -8.785434226007022 81 23.4166
9050 181.54183770827566 -8.791371077867536 81 23.4743
9695 181.5534172683148 -8.798612755437231 81 23.4841
4345 181.52953092958236 -8.802458956727556 81 23.488
9648 181.5576357792619 -8.797808345250788 81 23.4952
3429 181.5615234322252 -8.808838612041521 81 23.5072
4762 181.54191454993997 -8.79998588262826 81 23.5258
3218 181.53744417107347 -8.810034669103773 81 23.5282
4187 181.5688202393779 -8.803614673113993 81 23.5301
3013 181.54250689634057 -8.81069761432616 81 23.5364
7569 181.55465283147535 -8.781445995307596 81 23.6069
2826 181.53502081447405 -8.812597943408607 81 23.6112
5115 181.55827453200624 -8.79751906573651 81 23.6272
9678 181.5399964492083 -8.79824245133984 81 23.6277
4266 181.5422089318665 -8.803048439827654 81 23.6422
2293 181.53848626891457 -8.8164297919952 81 23.6621
2854 181.5529474816546 -8.812446847839722 81 23.699
3722 181.54581215658823 -8.806930189610648 81 23.7077
9105 181.55973016365817 -8.790922617602629 81 23.7185
2481 181.5479633396622 -8.814875643611725 81 23.7236
3891 181.5424560204511 -8.805663421112822 81 23.7375
7538 181.55101914444444 -8.781192385909568 81 23.7519
4475 181.55985350773045 -8.801581919316858 81 23.7716
3124 181.56834249141303 -8.810583683571371 81 23.7914
4969 181.53965895447791 -8.799048773382482 81 23.8102
4486 181.53465993160916 -8.801515116113052 81 23.8128
9568 181.52919660590197 -8.795675918874338 81 23.8263
3029 181.55856814044012 -8.811266002080842 81 23.8447
4310 181.5503135563537 -8.802762112593504 81 23.865
4740 181.53886746999075 -8.800117206733923 81 23.8678
5014 181.5427651741512 -8.798363935228046 81 23.8684
9189 181.53851281609752 -8.793456936404203 81 23.8745
3658 181.5694031644226 -8.807388210872723 81 23.8754
9564 181.55253510380246 -8.796533123077065 81 23.8888
8031 181.55652520912332 -8.784902769200482 81 23.9284
3443 181.53783868974543 -8.808741537849926 81 23.9359
9689 181.5424088963392 -8.797596005087039 81 23.954
9589 181.54129682970475 -8.796813995136743 81 23.9785
4217 181.55560945685968 -8.803415951300144 81 23.9993

#---------------- END --------------------